139 0.34
16 0.32
82 0.32
116 0.31
52 0.3
104 0.3
128 0.29
18 0.28
85 0.28
88 0.28
17 0.27
125 0.27
136 0.27
11 0.26
78 0.26
8 0.25
53 0.25
55 0.25
81 0.25
103 0.25
114 0.25
127 0.25
138 0.25
25 0.24
37 0.24
43 0.24
68 0.24
86 0.24
141 0.24
1 0.23
9 0.23
27 0.23
33 0.23
36 0.23
44 0.23
69 0.23
94 0.23
99 0.23
122 0.23
29 0.22
32 0.22
40 0.22
46 0.22
51 0.22
58 0.22
62 0.22
75 0.22
108 0.22
115 0.22
19 0.21
22 0.21
30 0.21
57 0.21
65 0.21
70 0.21
80 0.21
84 0.21
95 0.21
109 0.21
118 0.21
10 0.2
21 0.2
83 0.2
89 0.2
90 0.2
92 0.2
96 0.2
101 0.2
105 0.2
112 0.2
120 0.2
135 0.2
6 0.19
28 0.19
39 0.19
54 0.19
59 0.19
63 0.19
79 0.19
107 0.19
111 0.19
130 0.19
132 0.19
133 0.19
137 0.19
12 0.18
24 0.18
41 0.18
42 0.18
47 0.18
61 0.18
64 0.18
67 0.18
76 0.18
91 0.18
121 0.18
129 0.18
4 0.17
20 0.17
23 0.17
48 0.17
66 0.17
73 0.17
100 0.17
106 0.17
140 0.17
14 0.16
26 0.16
31 0.16
34 0.16
49 0.16
87 0.16
98 0.16
102 0.16
110 0.16
117 0.16
119 0.16
123 0.16
3 0.15
7 0.15
60 0.15
113 0.15
134 0.15
5 0.14
45 0.14
77 0.14
93 0.14
126 0.14
35 0.13
38 0.13
56 0.13
13 0.12
50 0.12
71 0.12
15 0.1
72 0.1
97 0.1
131 0.1
74 0.08
124 0.08
2 0.07
