139 0.58
16 0.55
82 0.55
116 0.53
52 0.52
104 0.52
128 0.5
18 0.48
85 0.48
88 0.48
17 0.46
125 0.46
136 0.46
11 0.45
78 0.45
8 0.43
53 0.43
55 0.43
81 0.43
103 0.43
114 0.43
127 0.43
138 0.43
25 0.41
37 0.41
43 0.41
68 0.41
86 0.41
141 0.41
1 0.4
9 0.4
27 0.4
33 0.4
36 0.4
44 0.4
69 0.4
94 0.4
99 0.4
122 0.4
29 0.38
32 0.38
40 0.38
46 0.38
51 0.38
58 0.38
62 0.38
75 0.38
108 0.38
115 0.38
19 0.36
22 0.36
30 0.36
57 0.36
65 0.36
70 0.36
80 0.36
84 0.36
95 0.36
109 0.36
118 0.36
10 0.34
21 0.34
83 0.34
89 0.34
90 0.34
92 0.34
96 0.34
101 0.34
105 0.34
112 0.34
120 0.34
135 0.34
6 0.33
28 0.33
39 0.33
54 0.33
59 0.33
63 0.33
79 0.33
107 0.33
111 0.33
130 0.33
132 0.33
133 0.33
137 0.33
12 0.31
24 0.31
41 0.31
42 0.31
47 0.31
61 0.31
64 0.31
67 0.31
76 0.31
91 0.31
121 0.31
129 0.31
4 0.29
20 0.29
23 0.29
48 0.29
66 0.29
73 0.29
100 0.29
106 0.29
140 0.29
14 0.27
26 0.27
31 0.27
34 0.27
49 0.27
87 0.27
98 0.27
102 0.27
110 0.27
117 0.27
119 0.27
123 0.27
3 0.26
7 0.26
60 0.26
113 0.26
134 0.26
5 0.24
45 0.24
77 0.24
93 0.24
126 0.24
35 0.22
38 0.22
56 0.22
13 0.21
50 0.21
71 0.21
15 0.17
72 0.17
97 0.17
131 0.17
74 0.14
124 0.14
2 0.12
