104 0.51
1 0.46
11 0.44
103 0.42
10 0.4
139 0.39
108 0.37
116 0.37
16 0.36
82 0.36
114 0.36
109 0.35
52 0.34
101 0.34
105 0.34
128 0.33
18 0.32
85 0.32
88 0.32
107 0.32
112 0.32
115 0.32
17 0.31
125 0.31
136 0.31
111 0.3
100 0.29
106 0.29
53 0.28
55 0.28
78 0.28
127 0.28
138 0.28
8 0.27
25 0.27
37 0.27
43 0.27
68 0.27
81 0.27
86 0.27
102 0.27
110 0.27
141 0.27
9 0.26
27 0.26
33 0.26
36 0.26
44 0.26
69 0.26
94 0.26
99 0.26
122 0.26
29 0.25
32 0.25
40 0.25
46 0.25
51 0.25
58 0.25
62 0.25
118 0.25
19 0.24
22 0.24
30 0.24
57 0.24
65 0.24
70 0.24
84 0.24
95 0.24
113 0.24
21 0.23
75 0.23
83 0.23
89 0.23
90 0.23
92 0.23
96 0.23
120 0.23
135 0.23
6 0.22
12 0.22
28 0.22
39 0.22
54 0.22
59 0.22
63 0.22
80 0.22
130 0.22
132 0.22
133 0.22
137 0.22
24 0.2
41 0.2
42 0.2
47 0.2
61 0.2
64 0.2
79 0.2
91 0.2
121 0.2
129 0.2
4 0.19
20 0.19
23 0.19
48 0.19
66 0.19
67 0.19
76 0.19
117 0.19
140 0.19
14 0.18
26 0.18
31 0.18
34 0.18
49 0.18
73 0.18
87 0.18
98 0.18
119 0.18
123 0.18
3 0.17
7 0.17
60 0.17
134 0.17
5 0.16
45 0.16
93 0.16
126 0.16
35 0.15
38 0.15
56 0.15
77 0.15
13 0.14
71 0.14
50 0.13
15 0.11
72 0.11
97 0.11
131 0.11
74 0.09
124 0.09
2 0.08
