147 0.33
153 0.31
270 0.3
219 0.3
276 0.29
144 0.29
151 0.29
187 0.29
190 0.29
207 0.29
262 0.28
152 0.28
177 0.28
258 0.27
186 0.27
208 0.27
271 0.26
161 0.26
165 0.26
167 0.26
228 0.26
259 0.25
281 0.25
149 0.25
162 0.25
181 0.25
184 0.25
194 0.25
195 0.25
232 0.25
247 0.25
249 0.25
269 0.24
273 0.24
148 0.24
158 0.24
176 0.24
185 0.24
191 0.24
193 0.24
198 0.24
234 0.24
246 0.24
268 0.23
160 0.23
182 0.23
196 0.23
229 0.23
278 0.22
279 0.22
145 0.22
179 0.22
201 0.22
202 0.22
233 0.22
240 0.22
263 0.21
274 0.21
146 0.21
157 0.21
170 0.21
222 0.21
226 0.21
235 0.21
239 0.21
256 0.2
264 0.2
166 0.2
183 0.2
206 0.2
210 0.2
236 0.2
248 0.2
252 0.2
257 0.19
266 0.19
272 0.19
150 0.19
169 0.19
209 0.19
215 0.19
220 0.19
223 0.19
227 0.19
241 0.19
244 0.19
253 0.19
260 0.18
280 0.18
159 0.18
200 0.18
205 0.18
225 0.18
250 0.18
255 0.18
267 0.17
275 0.17
143 0.17
164 0.17
178 0.17
199 0.17
203 0.17
217 0.17
218 0.17
224 0.17
230 0.17
242 0.17
261 0.16
277 0.16
142 0.16
172 0.16
173 0.16
189 0.16
197 0.16
221 0.16
251 0.16
282 0.15
154 0.15
168 0.15
171 0.15
204 0.15
211 0.15
212 0.14
216 0.14
254 0.14
155 0.13
156 0.13
174 0.13
213 0.13
237 0.13
238 0.13
245 0.13
175 0.12
188 0.12
192 0.12
214 0.11
163 0.08
180 0.08
243 0.07
265 0.05
231 0.05
