147 0.54
153 0.51
270 0.49
219 0.49
276 0.48
207 0.48
190 0.48
187 0.48
151 0.48
144 0.48
262 0.46
177 0.46
152 0.46
258 0.44
208 0.44
186 0.44
271 0.43
228 0.43
167 0.43
165 0.43
161 0.43
281 0.41
259 0.41
249 0.41
247 0.41
232 0.41
195 0.41
194 0.41
184 0.41
181 0.41
162 0.41
149 0.41
273 0.39
269 0.39
246 0.39
234 0.39
198 0.39
193 0.39
191 0.39
185 0.39
176 0.39
158 0.39
148 0.39
268 0.38
229 0.38
196 0.38
182 0.38
160 0.38
279 0.36
278 0.36
240 0.36
233 0.36
202 0.36
201 0.36
179 0.36
145 0.36
274 0.34
263 0.34
239 0.34
235 0.34
226 0.34
222 0.34
170 0.34
157 0.34
146 0.34
264 0.33
256 0.33
252 0.33
248 0.33
236 0.33
210 0.33
206 0.33
183 0.33
166 0.33
272 0.31
266 0.31
257 0.31
253 0.31
244 0.31
241 0.31
227 0.31
223 0.31
220 0.31
215 0.31
209 0.31
169 0.31
150 0.31
280 0.3
260 0.3
255 0.3
250 0.3
225 0.3
205 0.3
200 0.3
159 0.3
275 0.28
267 0.28
242 0.28
230 0.28
224 0.28
218 0.28
217 0.28
203 0.28
199 0.28
178 0.28
164 0.28
143 0.28
277 0.26
261 0.26
251 0.26
221 0.26
197 0.26
189 0.26
173 0.26
172 0.26
142 0.26
282 0.25
211 0.25
204 0.25
171 0.25
168 0.25
154 0.25
254 0.23
216 0.23
212 0.23
245 0.21
238 0.21
237 0.21
213 0.21
174 0.21
156 0.21
155 0.21
192 0.2
188 0.2
175 0.2
214 0.18
180 0.13
163 0.13
243 0.11
265 0.08
231 0.08
