147 0.43
153 0.42
151 0.4
144 0.38
187 0.33
177 0.32
149 0.32
162 0.32
142 0.32
186 0.31
161 0.31
165 0.31
167 0.31
148 0.31
158 0.31
143 0.31
146 0.3
145 0.29
181 0.28
184 0.28
160 0.28
176 0.27
185 0.27
157 0.27
182 0.26
179 0.25
170 0.25
150 0.25
166 0.24
183 0.23
169 0.23
159 0.23
164 0.2
154 0.2
178 0.19
172 0.18
173 0.18
189 0.18
168 0.18
171 0.18
155 0.17
156 0.17
174 0.15
175 0.14
188 0.14
152 0.1
163 0.1
180 0.09
190 0.08
207 0.08
208 0.08
194 0.07
195 0.07
191 0.07
193 0.07
198 0.07
196 0.07
201 0.06
202 0.06
206 0.06
210 0.06
209 0.05
215 0.05
200 0.05
205 0.05
199 0.05
203 0.05
217 0.05
218 0.05
197 0.05
270 0.04
219 0.04
276 0.04
262 0.04
204 0.04
211 0.04
212 0.04
216 0.04
213 0.04
258 0.03
271 0.03
228 0.03
259 0.03
281 0.03
232 0.03
247 0.03
249 0.03
269 0.03
273 0.03
234 0.03
246 0.03
268 0.03
229 0.03
278 0.03
279 0.03
233 0.03
240 0.03
263 0.03
274 0.03
222 0.03
226 0.03
235 0.03
239 0.03
256 0.03
264 0.03
236 0.03
248 0.03
252 0.03
192 0.03
214 0.03
257 0.02
266 0.02
272 0.02
220 0.02
223 0.02
227 0.02
241 0.02
244 0.02
253 0.02
260 0.02
280 0.02
225 0.02
250 0.02
255 0.02
267 0.02
275 0.02
224 0.02
230 0.02
242 0.02
261 0.02
277 0.02
221 0.02
251 0.02
282 0.02
254 0.02
237 0.02
238 0.02
245 0.02
243 0.01
265 0.01
231 0.01
