338 0.27
382 0.26
336 0.25
387 0.25
300 0.24
309 0.23
377 0.23
319 0.22
366 0.22
397 0.22
287 0.21
291 0.21
293 0.21
305 0.21
334 0.21
352 0.21
354 0.21
359 0.21
375 0.21
376 0.21
415 0.21
426 0.21
318 0.2
327 0.2
339 0.2
398 0.2
284 0.19
303 0.19
307 0.19
333 0.19
345 0.19
357 0.19
363 0.19
378 0.19
418 0.19
424 0.19
425 0.19
292 0.18
323 0.18
328 0.18
342 0.18
344 0.18
361 0.18
370 0.18
384 0.18
390 0.18
391 0.18
402 0.18
297 0.17
321 0.17
325 0.17
326 0.17
332 0.17
346 0.17
353 0.17
355 0.17
371 0.17
383 0.17
393 0.17
395 0.17
399 0.17
283 0.16
290 0.16
306 0.16
314 0.16
372 0.16
394 0.16
400 0.16
410 0.16
416 0.16
417 0.16
420 0.16
298 0.15
302 0.15
313 0.15
330 0.15
331 0.15
335 0.15
340 0.15
347 0.15
349 0.15
351 0.15
368 0.15
379 0.15
401 0.15
408 0.15
428 0.15
430 0.15
295 0.14
301 0.14
308 0.14
329 0.14
365 0.14
369 0.14
385 0.14
386 0.14
412 0.14
421 0.14
422 0.14
429 0.14
432 0.14
286 0.13
288 0.13
320 0.13
322 0.13
324 0.13
337 0.13
356 0.13
396 0.13
406 0.13
413 0.13
414 0.13
289 0.12
296 0.12
304 0.12
311 0.12
315 0.12
341 0.12
360 0.12
362 0.12
364 0.12
373 0.12
381 0.12
389 0.12
404 0.12
409 0.12
431 0.12
285 0.11
299 0.11
316 0.11
343 0.11
348 0.11
350 0.11
367 0.11
380 0.11
405 0.11
407 0.11
427 0.11
310 0.1
358 0.1
374 0.1
388 0.1
392 0.1
403 0.1
419 0.1
423 0.1
294 0.09
312 0.09
317 0.09
411 0.09
