338 0.46
382 0.45
387 0.43
336 0.43
300 0.41
377 0.4
309 0.4
397 0.38
366 0.38
319 0.38
426 0.36
415 0.36
376 0.36
375 0.36
359 0.36
354 0.36
352 0.36
334 0.36
305 0.36
293 0.36
291 0.36
287 0.36
398 0.34
339 0.34
327 0.34
318 0.34
425 0.33
424 0.33
418 0.33
378 0.33
363 0.33
357 0.33
345 0.33
333 0.33
307 0.33
303 0.33
284 0.33
402 0.31
391 0.31
390 0.31
384 0.31
370 0.31
361 0.31
344 0.31
342 0.31
328 0.31
323 0.31
292 0.31
399 0.29
395 0.29
393 0.29
383 0.29
371 0.29
355 0.29
353 0.29
346 0.29
332 0.29
326 0.29
325 0.29
321 0.29
297 0.29
420 0.27
417 0.27
416 0.27
410 0.27
400 0.27
394 0.27
372 0.27
314 0.27
306 0.27
290 0.27
283 0.27
430 0.26
428 0.26
408 0.26
401 0.26
379 0.26
368 0.26
351 0.26
349 0.26
347 0.26
340 0.26
335 0.26
331 0.26
330 0.26
313 0.26
302 0.26
298 0.26
432 0.24
429 0.24
422 0.24
421 0.24
412 0.24
386 0.24
385 0.24
369 0.24
365 0.24
329 0.24
308 0.24
301 0.24
295 0.24
414 0.22
413 0.22
406 0.22
396 0.22
356 0.22
337 0.22
324 0.22
322 0.22
320 0.22
288 0.22
286 0.22
431 0.21
409 0.21
404 0.21
389 0.21
381 0.21
373 0.21
364 0.21
362 0.21
360 0.21
341 0.21
315 0.21
311 0.21
304 0.21
296 0.21
289 0.21
427 0.19
407 0.19
405 0.19
380 0.19
367 0.19
350 0.19
348 0.19
343 0.19
316 0.19
299 0.19
285 0.19
423 0.17
419 0.17
403 0.17
392 0.17
388 0.17
374 0.17
358 0.17
310 0.17
411 0.15
317 0.15
312 0.15
294 0.15
