284 0.39
287 0.37
283 0.36
293 0.32
309 0.31
338 0.3
291 0.29
377 0.28
366 0.27
359 0.26
376 0.26
318 0.25
292 0.25
290 0.25
297 0.24
286 0.24
352 0.23
354 0.23
375 0.23
363 0.23
378 0.23
339 0.22
361 0.22
345 0.21
357 0.21
298 0.21
288 0.21
342 0.2
344 0.2
370 0.2
314 0.2
285 0.2
346 0.19
353 0.19
355 0.19
371 0.19
313 0.19
295 0.19
289 0.19
372 0.18
368 0.18
379 0.18
340 0.17
347 0.17
349 0.17
351 0.17
365 0.17
296 0.17
369 0.16
311 0.15
315 0.15
362 0.15
364 0.15
381 0.15
299 0.15
356 0.14
316 0.14
310 0.14
341 0.13
360 0.13
373 0.13
367 0.13
380 0.13
294 0.13
343 0.12
348 0.12
350 0.12
358 0.11
374 0.11
312 0.11
317 0.11
382 0.08
336 0.08
387 0.08
300 0.08
319 0.07
305 0.07
334 0.07
303 0.07
307 0.07
327 0.06
333 0.06
323 0.06
328 0.06
384 0.06
390 0.06
391 0.06
306 0.06
321 0.05
325 0.05
326 0.05
332 0.05
383 0.05
393 0.05
395 0.05
394 0.05
302 0.05
330 0.05
331 0.05
335 0.05
301 0.05
308 0.05
329 0.04
385 0.04
386 0.04
320 0.04
322 0.04
324 0.04
337 0.04
396 0.04
304 0.04
389 0.04
397 0.03
415 0.03
426 0.03
398 0.03
388 0.03
392 0.03
418 0.02
424 0.02
425 0.02
402 0.02
399 0.02
400 0.02
410 0.02
416 0.02
417 0.02
420 0.02
401 0.02
408 0.02
428 0.02
430 0.02
412 0.02
421 0.02
422 0.02
429 0.02
432 0.02
406 0.02
413 0.02
414 0.02
404 0.02
405 0.02
407 0.02
409 0.01
431 0.01
427 0.01
403 0.01
419 0.01
423 0.01
411 0.01
