592 0.31
594 0.31
634 0.31
666 0.3
686 0.29
593 0.28
644 0.28
676 0.28
701 0.28
710 0.28
724 0.28
607 0.27
613 0.27
614 0.27
680 0.27
708 0.27
597 0.26
601 0.26
624 0.26
629 0.26
630 0.26
631 0.26
643 0.26
645 0.26
689 0.26
698 0.26
717 0.26
729 0.26
586 0.25
647 0.25
657 0.25
672 0.25
675 0.25
685 0.25
716 0.25
730 0.25
731 0.25
583 0.24
632 0.24
661 0.24
662 0.24
682 0.24
718 0.24
726 0.24
598 0.23
600 0.23
602 0.23
606 0.23
618 0.23
663 0.23
665 0.23
683 0.23
693 0.23
694 0.23
705 0.23
715 0.23
590 0.22
610 0.22
617 0.22
619 0.22
650 0.22
656 0.22
664 0.22
669 0.22
670 0.22
671 0.22
684 0.22
707 0.22
721 0.22
589 0.21
608 0.21
615 0.21
623 0.21
626 0.21
637 0.21
651 0.21
660 0.21
690 0.21
702 0.21
704 0.21
713 0.21
595 0.2
603 0.2
625 0.2
633 0.2
635 0.2
636 0.2
639 0.2
646 0.2
658 0.2
667 0.2
691 0.2
697 0.2
699 0.2
719 0.2
720 0.2
728 0.2
585 0.19
591 0.19
628 0.19
649 0.19
652 0.19
688 0.19
696 0.19
725 0.19
727 0.19
587 0.18
604 0.18
605 0.18
640 0.18
653 0.18
654 0.18
599 0.17
611 0.17
673 0.17
674 0.17
687 0.17
695 0.17
700 0.17
703 0.17
706 0.17
709 0.17
711 0.17
712 0.17
722 0.17
723 0.17
584 0.16
596 0.16
641 0.16
655 0.16
668 0.16
677 0.16
679 0.16
732 0.16
609 0.15
620 0.15
621 0.15
622 0.15
642 0.15
627 0.14
638 0.14
648 0.14
659 0.14
681 0.14
714 0.14
588 0.13
616 0.13
678 0.13
692 0.11
612 0.1
