634 0.46
594 0.46
592 0.46
666 0.44
686 0.43
724 0.41
710 0.41
701 0.41
676 0.41
644 0.41
593 0.41
708 0.4
680 0.4
614 0.4
613 0.4
607 0.4
729 0.38
717 0.38
698 0.38
689 0.38
645 0.38
643 0.38
631 0.38
630 0.38
629 0.38
624 0.38
601 0.38
597 0.38
731 0.37
730 0.37
716 0.37
685 0.37
675 0.37
672 0.37
657 0.37
647 0.37
586 0.37
726 0.35
718 0.35
682 0.35
662 0.35
661 0.35
632 0.35
583 0.35
715 0.34
705 0.34
694 0.34
693 0.34
683 0.34
665 0.34
663 0.34
618 0.34
606 0.34
602 0.34
600 0.34
598 0.34
721 0.32
707 0.32
684 0.32
671 0.32
670 0.32
669 0.32
664 0.32
656 0.32
650 0.32
619 0.32
617 0.32
610 0.32
590 0.32
713 0.31
704 0.31
702 0.31
690 0.31
660 0.31
651 0.31
637 0.31
626 0.31
623 0.31
615 0.31
608 0.31
589 0.31
728 0.29
720 0.29
719 0.29
699 0.29
697 0.29
691 0.29
667 0.29
658 0.29
646 0.29
639 0.29
636 0.29
635 0.29
633 0.29
625 0.29
603 0.29
595 0.29
727 0.28
725 0.28
696 0.28
688 0.28
652 0.28
649 0.28
628 0.28
591 0.28
585 0.28
654 0.27
653 0.27
640 0.27
605 0.27
604 0.27
587 0.27
723 0.25
722 0.25
712 0.25
711 0.25
709 0.25
706 0.25
703 0.25
700 0.25
695 0.25
687 0.25
674 0.25
673 0.25
611 0.25
599 0.25
732 0.24
679 0.24
677 0.24
668 0.24
655 0.24
641 0.24
596 0.24
584 0.24
642 0.22
622 0.22
621 0.22
620 0.22
609 0.22
714 0.21
681 0.21
659 0.21
648 0.21
638 0.21
627 0.21
678 0.19
616 0.19
588 0.19
692 0.16
612 0.15
