583 0.53
586 0.46
594 0.45
592 0.44
607 0.39
597 0.38
601 0.38
634 0.37
613 0.37
614 0.37
585 0.37
666 0.35
676 0.35
624 0.35
629 0.35
630 0.35
631 0.35
644 0.34
686 0.33
632 0.33
598 0.33
600 0.33
602 0.33
606 0.33
589 0.33
701 0.32
710 0.32
724 0.32
610 0.32
680 0.31
708 0.31
643 0.31
645 0.31
618 0.31
608 0.31
587 0.31
689 0.3
698 0.3
717 0.3
729 0.3
647 0.3
657 0.3
617 0.3
619 0.3
672 0.29
675 0.29
685 0.29
716 0.29
730 0.29
731 0.29
661 0.29
662 0.29
595 0.29
603 0.29
584 0.29
682 0.28
718 0.28
726 0.28
663 0.28
665 0.28
615 0.28
623 0.28
626 0.28
683 0.27
693 0.27
694 0.27
705 0.27
715 0.27
625 0.27
633 0.27
650 0.26
656 0.26
664 0.26
628 0.26
604 0.26
605 0.26
669 0.25
670 0.25
671 0.25
684 0.25
707 0.25
721 0.25
637 0.25
651 0.25
660 0.25
599 0.25
611 0.25
690 0.24
702 0.24
704 0.24
713 0.24
635 0.24
636 0.24
639 0.24
646 0.24
658 0.24
667 0.23
691 0.23
697 0.23
699 0.23
719 0.23
720 0.23
728 0.23
649 0.23
652 0.23
596 0.23
688 0.22
696 0.22
725 0.22
727 0.22
640 0.22
653 0.22
654 0.22
609 0.22
673 0.2
674 0.2
687 0.2
695 0.2
700 0.2
703 0.2
706 0.2
709 0.2
711 0.2
712 0.2
722 0.2
723 0.2
620 0.2
621 0.2
622 0.2
588 0.2
641 0.19
655 0.19
627 0.19
668 0.18
677 0.18
679 0.18
732 0.18
642 0.18
616 0.18
638 0.17
648 0.17
659 0.17
681 0.16
714 0.16
678 0.15
612 0.14
692 0.13
593 0.1
590 0.09
591 0.08
