680 0.2
657 0.19
631 0.18
710 0.18
629 0.17
688 0.17
698 0.17
724 0.17
586 0.16
614 0.16
624 0.16
672 0.16
676 0.16
682 0.16
690 0.16
705 0.16
712 0.16
583 0.15
592 0.15
617 0.15
667 0.15
691 0.15
730 0.15
598 0.14
603 0.14
618 0.14
628 0.14
630 0.14
634 0.14
635 0.14
637 0.14
653 0.14
664 0.14
666 0.14
675 0.14
685 0.14
689 0.14
694 0.14
713 0.14
731 0.14
587 0.13
589 0.13
597 0.13
601 0.13
605 0.13
607 0.13
610 0.13
613 0.13
655 0.13
665 0.13
670 0.13
673 0.13
684 0.13
693 0.13
696 0.13
703 0.13
707 0.13
716 0.13
717 0.13
719 0.13
720 0.13
584 0.12
585 0.12
590 0.12
591 0.12
594 0.12
608 0.12
611 0.12
623 0.12
639 0.12
645 0.12
646 0.12
647 0.12
663 0.12
669 0.12
677 0.12
686 0.12
687 0.12
699 0.12
701 0.12
702 0.12
718 0.12
721 0.12
725 0.12
726 0.12
593 0.11
596 0.11
620 0.11
625 0.11
633 0.11
644 0.11
648 0.11
649 0.11
652 0.11
671 0.11
709 0.11
715 0.11
722 0.11
588 0.1
602 0.1
604 0.1
606 0.1
621 0.1
626 0.1
627 0.1
632 0.1
636 0.1
638 0.1
642 0.1
656 0.1
658 0.1
660 0.1
662 0.1
683 0.1
700 0.1
706 0.1
708 0.1
714 0.1
729 0.1
595 0.09
615 0.09
622 0.09
640 0.09
641 0.09
650 0.09
651 0.09
654 0.09
659 0.09
679 0.09
697 0.09
704 0.09
711 0.09
732 0.09
599 0.08
600 0.08
616 0.08
619 0.08
643 0.08
661 0.08
668 0.08
681 0.08
695 0.08
723 0.08
727 0.08
728 0.08
609 0.07
674 0.07
692 0.06
612 0.05
678 0.05
