560 0.25
472 0.25
556 0.24
524 0.23
565 0.23
433 0.23
484 0.23
521 0.22
532 0.22
574 0.22
454 0.22
495 0.22
514 0.21
517 0.21
439 0.21
468 0.21
480 0.21
503 0.21
519 0.2
534 0.2
544 0.2
551 0.2
464 0.2
470 0.2
474 0.2
485 0.2
499 0.2
546 0.19
553 0.19
440 0.19
443 0.19
450 0.19
526 0.18
538 0.18
539 0.18
554 0.18
561 0.18
572 0.18
575 0.18
579 0.18
582 0.18
436 0.18
462 0.18
465 0.18
473 0.18
477 0.18
511 0.18
520 0.17
537 0.17
545 0.17
558 0.17
563 0.17
569 0.17
490 0.17
496 0.17
501 0.17
502 0.17
536 0.16
541 0.16
559 0.16
567 0.16
437 0.16
441 0.16
442 0.16
444 0.16
453 0.16
459 0.16
467 0.16
475 0.16
493 0.16
508 0.16
509 0.16
529 0.15
542 0.15
543 0.15
548 0.15
555 0.15
562 0.15
566 0.15
570 0.15
578 0.15
580 0.15
581 0.15
435 0.15
456 0.15
466 0.15
471 0.15
476 0.15
512 0.14
530 0.14
533 0.14
540 0.14
547 0.14
550 0.14
434 0.14
445 0.14
446 0.14
449 0.14
455 0.14
463 0.14
487 0.14
488 0.14
494 0.14
497 0.14
498 0.14
500 0.14
504 0.14
505 0.14
506 0.14
507 0.14
515 0.13
516 0.13
518 0.13
525 0.13
531 0.13
564 0.13
568 0.13
573 0.13
451 0.13
460 0.13
469 0.13
491 0.13
510 0.13
523 0.12
549 0.12
552 0.12
571 0.12
447 0.12
448 0.12
478 0.12
486 0.12
513 0.11
522 0.11
527 0.11
438 0.11
457 0.11
479 0.11
481 0.11
482 0.11
492 0.11
557 0.1
576 0.1
458 0.1
577 0.09
452 0.09
461 0.08
483 0.08
535 0.07
489 0.06
528 0.05
