560 0.4
472 0.4
556 0.38
565 0.37
524 0.37
484 0.37
433 0.37
574 0.35
532 0.35
521 0.35
495 0.35
454 0.35
517 0.33
514 0.33
503 0.33
480 0.33
468 0.33
439 0.33
551 0.32
544 0.32
534 0.32
519 0.32
499 0.32
485 0.32
474 0.32
470 0.32
464 0.32
553 0.3
546 0.3
450 0.3
443 0.3
440 0.3
582 0.29
579 0.29
575 0.29
572 0.29
561 0.29
554 0.29
539 0.29
538 0.29
526 0.29
511 0.29
477 0.29
473 0.29
465 0.29
462 0.29
436 0.29
569 0.27
563 0.27
558 0.27
545 0.27
537 0.27
520 0.27
502 0.27
501 0.27
496 0.27
490 0.27
567 0.26
559 0.26
541 0.26
536 0.26
509 0.26
508 0.26
493 0.26
475 0.26
467 0.26
459 0.26
453 0.26
444 0.26
442 0.26
441 0.26
437 0.26
581 0.24
580 0.24
578 0.24
570 0.24
566 0.24
562 0.24
555 0.24
548 0.24
543 0.24
542 0.24
529 0.24
476 0.24
471 0.24
466 0.24
456 0.24
435 0.24
550 0.22
547 0.22
540 0.22
533 0.22
530 0.22
512 0.22
507 0.22
506 0.22
505 0.22
504 0.22
500 0.22
498 0.22
497 0.22
494 0.22
488 0.22
487 0.22
463 0.22
455 0.22
449 0.22
446 0.22
445 0.22
434 0.22
573 0.21
568 0.21
564 0.21
531 0.21
525 0.21
518 0.21
516 0.21
515 0.21
510 0.21
491 0.21
469 0.21
460 0.21
451 0.21
571 0.19
552 0.19
549 0.19
523 0.19
486 0.19
478 0.19
448 0.19
447 0.19
527 0.18
522 0.18
513 0.18
492 0.18
482 0.18
481 0.18
479 0.18
457 0.18
438 0.18
576 0.16
557 0.16
458 0.16
577 0.14
452 0.14
483 0.13
461 0.13
535 0.11
489 0.1
528 0.08
