433 0.51
439 0.3
560 0.29
472 0.29
440 0.28
443 0.28
436 0.28
524 0.27
565 0.27
484 0.27
454 0.27
521 0.26
574 0.26
468 0.26
556 0.25
514 0.25
517 0.25
480 0.25
503 0.25
470 0.25
532 0.23
495 0.23
474 0.23
485 0.23
499 0.23
450 0.23
437 0.23
434 0.23
464 0.22
435 0.22
519 0.21
534 0.21
544 0.21
551 0.21
561 0.21
572 0.21
575 0.21
579 0.21
582 0.21
473 0.21
477 0.21
511 0.21
441 0.21
442 0.21
444 0.21
546 0.2
553 0.2
462 0.2
465 0.2
520 0.2
563 0.2
569 0.2
490 0.2
496 0.2
501 0.2
502 0.2
453 0.2
526 0.19
538 0.19
539 0.19
554 0.19
567 0.19
475 0.19
493 0.19
508 0.19
509 0.19
445 0.19
537 0.18
545 0.18
558 0.18
459 0.18
467 0.18
562 0.18
566 0.18
570 0.18
578 0.18
580 0.18
581 0.18
456 0.18
471 0.18
476 0.18
536 0.17
541 0.17
559 0.17
466 0.17
446 0.17
449 0.17
455 0.17
529 0.16
542 0.16
543 0.16
548 0.16
555 0.16
512 0.16
463 0.16
487 0.16
488 0.16
500 0.16
504 0.16
505 0.16
506 0.16
507 0.16
451 0.16
530 0.15
533 0.15
540 0.15
547 0.15
550 0.15
494 0.15
497 0.15
498 0.15
515 0.15
564 0.15
568 0.15
573 0.15
491 0.15
447 0.15
448 0.15
438 0.15
516 0.14
518 0.14
525 0.14
531 0.14
460 0.14
469 0.14
510 0.14
571 0.14
478 0.14
486 0.14
523 0.13
549 0.13
552 0.13
522 0.13
479 0.13
481 0.13
482 0.13
513 0.12
527 0.12
457 0.12
492 0.12
576 0.12
557 0.11
458 0.11
577 0.11
452 0.11
461 0.09
483 0.09
535 0.07
489 0.07
528 0.05
