104 0.2
29 0.19
103 0.18
118 0.18
136 0.18
139 0.18
86 0.17
125 0.17
9 0.16
91 0.16
95 0.16
116 0.16
40 0.15
43 0.15
85 0.15
106 0.15
8 0.14
12 0.14
16 0.14
52 0.14
53 0.14
54 0.14
65 0.14
82 0.14
88 0.14
42 0.13
51 0.13
60 0.13
62 0.13
83 0.13
92 0.13
137 0.13
1 0.12
19 0.12
23 0.12
25 0.12
27 0.12
28 0.12
31 0.12
55 0.12
68 0.12
73 0.12
79 0.12
89 0.12
101 0.12
109 0.12
114 0.12
115 0.12
129 0.12
135 0.12
4 0.11
6 0.11
10 0.11
17 0.11
18 0.11
20 0.11
21 0.11
34 0.11
36 0.11
41 0.11
44 0.11
45 0.11
57 0.11
76 0.11
78 0.11
84 0.11
90 0.11
94 0.11
108 0.11
126 0.11
138 0.11
3 0.1
7 0.1
22 0.1
24 0.1
30 0.1
33 0.1
37 0.1
48 0.1
58 0.1
59 0.1
61 0.1
63 0.1
66 0.1
70 0.1
87 0.1
96 0.1
112 0.1
120 0.1
122 0.1
128 0.1
130 0.1
134 0.1
11 0.09
26 0.09
32 0.09
35 0.09
38 0.09
39 0.09
46 0.09
47 0.09
64 0.09
75 0.09
77 0.09
81 0.09
98 0.09
99 0.09
100 0.09
105 0.09
107 0.09
110 0.09
111 0.09
127 0.09
141 0.09
15 0.08
49 0.08
67 0.08
69 0.08
80 0.08
93 0.08
97 0.08
102 0.08
113 0.08
117 0.08
121 0.08
123 0.08
132 0.08
133 0.08
140 0.08
5 0.07
14 0.07
50 0.07
72 0.07
119 0.07
124 0.07
74 0.06
13 0.05
56 0.05
71 0.05
131 0.05
2 0.03
