147 0.19
191 0.19
274 0.17
187 0.16
198 0.16
201 0.16
202 0.16
280 0.15
184 0.15
259 0.14
263 0.14
165 0.14
179 0.14
181 0.14
193 0.14
249 0.14
260 0.13
262 0.13
269 0.13
271 0.13
278 0.13
279 0.13
148 0.13
149 0.13
158 0.13
161 0.13
162 0.13
167 0.13
176 0.13
189 0.13
190 0.13
194 0.13
200 0.13
205 0.13
207 0.13
209 0.13
217 0.13
219 0.13
228 0.13
239 0.13
258 0.12
270 0.12
276 0.12
145 0.12
146 0.12
157 0.12
160 0.12
164 0.12
166 0.12
170 0.12
177 0.12
178 0.12
196 0.12
199 0.12
210 0.12
222 0.12
223 0.12
229 0.12
235 0.12
236 0.12
268 0.11
273 0.11
275 0.11
153 0.11
159 0.11
172 0.11
173 0.11
182 0.11
183 0.11
185 0.11
197 0.11
203 0.11
204 0.11
206 0.11
208 0.11
230 0.11
240 0.11
241 0.11
247 0.11
250 0.11
256 0.1
257 0.1
281 0.1
143 0.1
152 0.1
175 0.1
226 0.1
242 0.1
254 0.1
267 0.09
272 0.09
282 0.09
144 0.09
168 0.09
169 0.09
174 0.09
188 0.09
211 0.09
215 0.09
216 0.09
218 0.09
220 0.09
232 0.09
233 0.09
234 0.09
237 0.09
238 0.09
248 0.09
266 0.08
151 0.08
154 0.08
186 0.08
192 0.08
195 0.08
221 0.08
224 0.08
225 0.08
227 0.08
251 0.08
252 0.08
253 0.08
255 0.08
264 0.07
142 0.07
150 0.07
155 0.07
156 0.07
212 0.07
214 0.07
261 0.06
163 0.06
171 0.06
213 0.06
244 0.06
245 0.06
277 0.05
180 0.05
243 0.04
246 0.04
231 0.03
265 0.02
