336 0.18
287 0.14
307 0.13
318 0.13
333 0.13
377 0.13
399 0.13
425 0.13
426 0.13
325 0.12
327 0.12
335 0.12
352 0.12
359 0.12
361 0.12
366 0.12
368 0.12
369 0.12
384 0.12
387 0.12
390 0.12
394 0.12
418 0.12
284 0.11
292 0.11
306 0.11
337 0.11
338 0.11
365 0.11
370 0.11
378 0.11
382 0.11
396 0.11
408 0.11
414 0.11
420 0.11
424 0.11
283 0.1
291 0.1
300 0.1
311 0.1
314 0.1
321 0.1
328 0.1
331 0.1
349 0.1
353 0.1
358 0.1
363 0.1
371 0.1
372 0.1
391 0.1
395 0.1
397 0.1
398 0.1
402 0.1
406 0.1
410 0.1
416 0.1
421 0.1
422 0.1
429 0.1
288 0.09
295 0.09
297 0.09
298 0.09
301 0.09
302 0.09
310 0.09
322 0.09
324 0.09
330 0.09
342 0.09
344 0.09
346 0.09
351 0.09
367 0.09
373 0.09
389 0.09
400 0.09
401 0.09
412 0.09
293 0.08
294 0.08
299 0.08
305 0.08
308 0.08
309 0.08
315 0.08
319 0.08
323 0.08
329 0.08
332 0.08
348 0.08
350 0.08
354 0.08
356 0.08
379 0.08
388 0.08
413 0.08
428 0.08
430 0.08
432 0.08
285 0.07
286 0.07
289 0.07
290 0.07
303 0.07
304 0.07
313 0.07
317 0.07
320 0.07
326 0.07
340 0.07
345 0.07
347 0.07
355 0.07
360 0.07
364 0.07
374 0.07
375 0.07
376 0.07
380 0.07
393 0.07
403 0.07
407 0.07
409 0.07
415 0.07
419 0.07
296 0.06
312 0.06
316 0.06
334 0.06
339 0.06
357 0.06
383 0.06
392 0.06
404 0.06
417 0.06
427 0.06
431 0.06
341 0.05
385 0.05
386 0.05
405 0.05
423 0.05
362 0.04
381 0.04
411 0.04
343 0.03
