433 0.16
532 0.15
534 0.15
444 0.15
464 0.15
530 0.14
560 0.14
454 0.14
509 0.14
546 0.13
552 0.13
556 0.13
558 0.13
445 0.13
462 0.13
468 0.13
470 0.13
472 0.13
485 0.13
495 0.13
553 0.12
572 0.12
579 0.12
442 0.12
524 0.11
525 0.11
536 0.11
440 0.11
465 0.11
473 0.11
477 0.11
494 0.11
502 0.11
505 0.11
518 0.1
519 0.1
523 0.1
529 0.1
531 0.1
538 0.1
541 0.1
548 0.1
551 0.1
554 0.1
435 0.1
437 0.1
446 0.1
447 0.1
449 0.1
456 0.1
467 0.1
480 0.1
484 0.1
487 0.1
490 0.1
511 0.1
514 0.09
515 0.09
521 0.09
533 0.09
537 0.09
543 0.09
545 0.09
563 0.09
574 0.09
580 0.09
439 0.09
441 0.09
443 0.09
459 0.09
469 0.09
471 0.09
482 0.09
486 0.09
488 0.09
497 0.09
498 0.09
503 0.09
504 0.09
507 0.09
508 0.09
516 0.08
522 0.08
526 0.08
539 0.08
547 0.08
549 0.08
559 0.08
564 0.08
566 0.08
567 0.08
568 0.08
575 0.08
576 0.08
581 0.08
582 0.08
434 0.08
436 0.08
455 0.08
466 0.08
474 0.08
475 0.08
493 0.08
496 0.08
499 0.08
500 0.08
510 0.08
520 0.07
540 0.07
544 0.07
561 0.07
565 0.07
569 0.07
573 0.07
438 0.07
450 0.07
451 0.07
457 0.07
458 0.07
460 0.07
463 0.07
479 0.07
481 0.07
491 0.07
501 0.07
506 0.07
542 0.06
550 0.06
555 0.06
557 0.06
562 0.06
570 0.06
571 0.06
577 0.06
578 0.06
452 0.06
476 0.06
478 0.06
483 0.06
512 0.05
513 0.05
535 0.05
448 0.05
461 0.05
527 0.04
528 0.04
453 0.04
492 0.04
517 0.03
489 0.03
